N monkeys are invited to a party where they start dancing. They dance in a circular formation, very similar to a Gujarati Garba or a Drum Circle. The dance requires the monkeys to constantly change positions after every 1 second.
The change of position is not random & you, in the audience, observe a pattern. Monkeys are very disciplined & follow a specific pattern while dancing.
Consider N = 6, and an array monkeys = {3,6,5,4,1,2}.
This array (1-indexed) is the dancing pattern. The value at monkeys[i], indicates the new of position of the monkey who is standing at the ith position.
Given N & the array monkeys[ ], find the time after which all monkeys are in the initial positions for the 1st time.


Sample Input
1
6
3 6 5 4 1 2
Sample Output
6


Input Text
6
21
12 5 17 11 16 8 13 14 1 6 20 3 4 7 21 10 9 15 2 19 18
133
84 44 86 29 93 57 91 100 26 127 12 50 113 9 22 88 98 85 114 111 77 48 4 30 49 21 96 124 1 55 97 45 59 7 37 129 67 64 122 112 80 69 78 116 133 73 10 15 82 115 40 20 92 110 58 34 3 62 24 89 35 70 46 38 119 54 43 16 68 120 128 36 106 76 104 79 123 52 60 65 94 125 66 56 17 63 71 72 61 87 109 75 31 53 6 102 83 32 51 25 33 2 27 130 117 99 47 18 105 118 107 13 90 5 28 8 108 39 121 101 126 81 14 23 41 132 19 131 95 103 42 11 74
35
30 15 17 7 6 14 20 21 12 16 27 35 1 33 26 19 10 24 13 23 28 29 5 32 31 4 3 22 18 34 8 11 25 9 2
76
67 23 70 21 38 27 44 18 60 2 32 53 12 19 52 13 9 39 5 68 62 46 59 76 14 6 31 58 57 65 73 35 61 36 75 56 22 28 29 63 71 40 3 43 54 50 15 26 10 16 8 48 49 41 72 34 69 25 20 17 55 51 64 7 1 37 74 11 30 4 42 45 47 24 66 33
200
13 39 182 17 8 26 83 190 172 37 40 51 21 142 118 198 93 197 59 103 55 77 84 157 99 49 166 107 170 43 178 151 80 147 7 141 74 181 102 199 12 126 133 168 35 79 87 187 4 165 128 108 155 127 176 131 54 160 185 140 146 120 169 70 85 158 111 44 110 25 69 61 123 91 164 175 36 153 22 71 116 92 144 33 3 16 62 194 200 10 124 161 94 63 27 143 50 42 48 31 119 177 97 32 64 67 34 195 96 14 179 104 193 15 183 122 30 136 135 132 86 184 139 9 114 82 130 11 66 159 171 109 76 47 45 134 162 65 180 100 112 6 145 75 72 41 53 24 149 191 19 113 2 88 81 46 73 98 58 1 138 90 57 125 129 156 117 20 163 188 60 18 29 28 68 186 137 23 5 174 105 78 56 173 52 150 189 192 196 167 152 101 38 115 95 148 89 121 154 106
406
371 119 234 283 236 239 162 17 203 134 217 44 160 165 329 195 227 237 321 318 259 42 128 85 402 303 68 285 15 330 349 155 338 81 231 60 29 185 105 401 30 381 58 235 309 159 275 137 113 192 8 83 343 377 27 91 64 152 78 114 352 393 19 3 6 138 302 274 179 7 247 141 21 88 147 327 209 248 233 73 187 98 225 135 394 255 388 253 53 72 351 161 153 69 167 84 4 216 102 218 130 219 59 124 149 369 154 376 108 43 2 263 359 32 107 281 282 79 202 178 35 118 293 223 80 306 9 278 139 151 245 249 126 286 317 89 106 194 49 258 101 213 62 398 74 5 316 206 335 67 131 358 357 276 31 14 288 277 373 140 104 226 224 11 120 193 207 186 90 262 150 66 264 111 266 307 36 10 188 272 158 364 16 385 190 333 300 328 38 404 87 313 146 257 164 261 82 379 405 181 215 109 290 28 390 92 123 292 204 117 168 252 279 115 304 342 50 116 110 305 334 173 20 37 46 229 344 145 243 41 70 175 378 100 319 86 250 346 383 254 33 54 406 399 177 368 197 331 353 176 240 251 184 356 191 132 56 200 384 71 374 57 1 389 211 232 18 403 22 244 291 246 24 391 396 201 361 95 326 339 242 260 308 267 97 320 297 51 93 341 182 355 39 350 322 367 298 294 220 26 324 170 312 345 136 372 296 323 256 387 268 362 392 12 65 310 365 360 337 210 314 299 380 189 205 99 172 171 48 336 354 63 122 340 214 196 157 221 143 375 273 208 40 77 94 144 121 366 156 311 55 348 400 228 301 142 61 45 315 325 125 129 47 23 169 199 241 382 386 395 280 332 265 270 76 269 370 397 347 363 112 271 180 52 13 148 238 34 96 222 133 295 174 212 103 163 25 166 230 198 287 75 127 183 284 289

Output Text
195
420
35
21420
4760
2475858
